1330045000
1147996000
303825000
237512000
191909000
167762000
153547000
140702000
138283000
127288000
109955000
92681000
86117000
82370000
81714000
78254000
71893000
66515000
65875000
65493000
62100000
60944000
58145000
49233000
47758000
45994000
45014000
43786000
40677000
40491000
40218000
40213000
38501000
37954000
34343000
33770000
33213000
32738000
31368000
29519000
29181000
28268000
28221000
28161000
26415000
25274000
23479000
23383000
23013000
22921000
22247000
21285000
21129000
20601000
20043000
19748000
18468000
18373000
16645000
16454000
15341000
15265000
14242000
13932000
13928000
13273000
13002000
12853000
12531000
12383000
12324000
11670000
11424000
10723000
10677000
10404000
10384000
10221000
10211000
10186000
10159000
10111000
9931000
9686000
9559000
9507000
9248000
9045000
8925000
8691000
8295000
8206000
8178000
7639000
7582000
7263000
7212000
7112000
7066000
7019000
6831000
6678000
6295000
6199000
6174000
5932000
5859000
5786000
5485000
5455000
5357000
5245000
5180000
5028000
4644000
4631000
4621000
4608000
4590000
4492000
4435000
4324000
4196000
4173000
4156000
4149000
3972000
3958000
3903000
3620000
3565000
3478000
3365000
3335000
3312000
3293000
2996000
2969000
2804000
2597000
2245000
2128000
2127000
2089000
2061000
2008000
1842000
1735000
1503000
1486000
1308000
1274000
1129000
1109000
1047000
931700
928600
806700
792600
770800
731800
718300
682300
678200
616500
581300
506200
486000
476000
460800
457100
427000
404000
403500
393800
381400
379200
307500
304400
301300
283000
282000
225400
224800
219600
217100
216300
215400
206200
175900
172900
119000
118400
110400
108200
107700
101500
91500
90300
86600
82200
76200
72500
72400
69800
66500
65700
63200
57500
56300
48700
47900
39600
34500
32800
30000
29400
28000
24000
22400
21900
21100
16400
14100
13800
12200
9640
7600
7490
7040
3140
2170
2130
1440
1430
1400
820
600
48
